0000000000000000000000000000000011111111111111111112222222222222222222222222222222222222222222222222
0000000000000000000000000000000011111111111111111112222222222222222222222222222222222222222222222222
0000000000000000000000000000000011111111111111111112222222222222222222222222222222222222222222222222
0000000000000000000000000000000011111111111111111112222222222222222222222222222222222222222222222222
0000000000000000000000000000000011111111111111111112222222222222222222222222222222222222222222222222
0000000000000000000000000000000011111111111111111112222222222222222222222222222222222222222222222222
0000000000000000000000000000000011111111111111111112222222222222222222222222222222222222222222222222
0000000000000000000000000000000011111111111111111112222222222222222222222222222222222222222222222222
0000000000000000000000000000000111111111111111111112222222222222222222222222222222222222222222222222
0000000000000000000000000000000111111111111111111112222222222222222222222222222222222222222222222222
0000000000000000000000000000000111111111111111111112222222222222222222222222222222222222222222222222
0000000000000000000000000000000111111111111111111112222222222222222222222222222222222222222222222222
0000000000000000000000000000000111111111111111111122222222222222222222222222222222222222222222222222
0000000000000000000000000000001111111111111111111122222222222222222222222222222222222222222222222222
0000000000000000000000000000001111111111111111111122222222222222222222222222222222222222222222222222
0000000000000000000000000000011111111111111111111222222222222222222222222222222222222222222222222222
0000000000000000000000000000011111111111111111111222222222222222222222222222222222222222222222222222
0000000000000000000000000000111111111111111111112222222222222222222222222222222222222222222222222222
0000000000000000000000000000111111111111111111112222222222222222222222222222222222222222222222222222
0000000000000000000000000001111111111111111111112222222222222222222222222222222222222222222222222222
0000000000000000000000000011111111111111111111122222222222222222222222222222222222222222222222222222
0000000000000000000000000011111111111111111111222222222222222222222222222222222222222222222222222222
0000000000000000000000001111111111111111111111222222222222222222222222222222222222222222222222222222
0000000000000000000000001111111111111111111112222222222222222222222222222222222222222222222222222222
0000000000000000000000111111111111111111111112222222222222222222222222222222222222222222222222222222
0000000000000000000000111111111111111111111122222222222222222222222222222222222222222222222222222222
0000000000000000000011111111111111111111111222222222222222222222222222222222222222222222222222222222
0000000000000000000111111111111111111111111222222222222222222222222222222222222222222222222222222222
0000000000000000011111111111111111111111112222222222222222222222222222222222222222222222222222222222
0000000000000001111111111111111111111111122222222222222222222222222222222222222222222222222222222222
0000000000000111111111111111111111111111222222222222222222222222222222222222222222222222222222222222
0000000011111111111111111111111111111112222222222222222222222222222222222222222222222222222222222222
1111111111111111111111111111111111111122222222222222222222222222222222222222222222222222222222222222
1111111111111111111111111111111111111222222222222222222222222222222222222222222222222222222222222222
1111111111111111111111111111111111112222222222222222222222222222222222222222222222222222222222222222
1111111111111111111111111111111111122222222222222222222222222222222222222222222222222222222222222222
1111111111111111111111111111111111222222222222222222222222222222222222222222222222222222222222222222
1111111111111111111111111111111112222222222222222222222222222222222222222222222222222222222222222222
1111111111111111111111111111111122222222222222222222222222222222222222222222222222222222222222222222
1111111111111111111111111111111222222222222222222222222222222222222222222222222222222222222222222222
1111111111111111111111111111112222222222222222222222222222222222222222222222222222222222222222222222
1111111111111111111111111111122222222222222222222222222222222222222222222222222222222222222222222222
1111111111111111111111111111222222222222222222222222222222222222222222222222222222222222222222222222
1111111111111111111111111122222222222222222222222222222222222222222222222222222222222222222222222222
1111111111111111111111111222222222222222222222222222222222222222222222222222222222222222222222222222
1111111111111111111111122222222222222222222222222222222222222222222222222222222222222222222222222222
1111111111111111111112222222222222222222222222222222222222222222222222222222222222222222222222222222
1111111111111111111122222222222222222222222222222222222222222222222222222222222222222222222222222222
1111111111111111122222222222222222222222222222222222222222222222222222222222222222222222222222222222
1111111111111112222222222222222222222222222222222222222222222222222222222222222222222222222222222222
1111111111112222222222222222222222222222222222222222222222222222222222222222222222222222222222222222
2222222222222222222222222222222222222222222222222222222222222222222222222222222222222222222222222222
2222222222222222222222222222222222222222222222222222222222222222222222222222222222222222222222222222
2222222222222222222222222222222222222222222222222222222222222222222222222222222222222222222222222222
2222222222222222222222222222222222222222222222222222222222222222222222222222222222222222222222222222
2222222222222222222222222222222222222222222222222222222222222222222222222222222222222222222222222222
2222222222222222222222222222222222222222222222222222222222222222222222222222222222222222222222222222
2222222222222222222222222222222222222222222222222222222222222222222222222222222222222222222222222222
2222222222222222222222222222222222222222222222222222222222222222222222222222222222222222222222222222
2222222222222222222222222222222222222222222222222222222222222222222222222222222222222222222222222222
2222222222222222222222222222222222222222222222222222222222222222222222222222222222222222222222222222
2222222222222222222222222222222222222222222222222222222222222222222222222222222222222222222222222222
2222222222222222222222222222222222222222222222222222222222222222222222222222222222222222222222222222
2222222222222222222222222222222222222222222222222222222222222222222222222222222222222222222222222222
2222222222222222222222222222222222222222222222222222222222222222222222222222222222222222222222222222
2222222222222222222222222222222222222222222222222222222222222222222222222222222222222222222222222222
2222222222222222222222222222222222222222222222222222222222222222222222222222222222222222222222222222
2222222222222222222222222222222222222222222222222222222222222222222222222222222222222222222222222222
2222222222222222222222222222222222222222222222222222222222222222222222222222222222222222222222222222
2222222222222222222222222222222222222222222222222222222222222222222222222222222222222222222222222222
2222222222222222222222222222222222222222222222222222222222222222222222222222222222222222222222222222
2222222222222222222222222222222222222222222222222222222222222222222222222222222222222222222222222222
2222222222222222222222222222222222222222222222222222222222222222222222222222222222222222222222222222
2222222222222222222222222222222222222222222222222222222222222222222222222222222222222222222222222222
2222222222222222222222222222222222222222222222222222222222222222222222222222222222222222222222222222
2222222222222222222222222222222222222222222222222222222222222222222222222222222222222222222222222222
2222222222222222222222222222222222222222222222222222222222222222222222222222222222222222222222222222
2222222222222222222222222222222222222222222222222222222222222222222222222222222222222222222222222222
2222222222222222222222222222222222222222222222222222222222222222222222222222222222222222222222222222
2222222222222222222222222222222222222222222222222222222222222222222222222222222222222222222222222222
2222222222222222222222222222222222222222222222222222222222222222222222222222222222222222222222222222
2222222222222222222222222222222222222222222222222222222222222222222222222222222222222222222222222222
2222222222222222222222222222222222222222222222222222222222222222222222222222222222222222222222222222
2222222222222222222222222222222222222222222222222222222222222222222222222222222222222222222222222222
2222222222222222222222222222222222222222222222222222222222222222222222222222222222222222222222222222
2222222222222222222222222222222222222222222222222222222222222222222222222222222222222222222222222222
2222222222222222222222222222222222222222222222222222222222222222222222222222222222222222222222222222
2222222222222222222222222222222222222222222222222222222222222222222222222222222222222222222222222222
2222222222222222222222222222222222222222222222222222222222222222222222222222222222222222222222222222
2222222222222222222222222222222222222222222222222222222222222222222222222222222222222222222222222222
2222222222222222222222222222222222222222222222222222222222222222222222222222222222222222222222222222
2222222222222222222222222222222222222222222222222222222222222222222222222222222222222222222222222222
2222222222222222222222222222222222222222222222222222222222222222222222222222222222222222222222222222
2222222222222222222222222222222222222222222222222222222222222222222222222222222222222222222222222222
2222222222222222222222222222222222222222222222222222222222222222222222222222222222222222222222222222
2222222222222222222222222222222222222222222222222222222222222222222222222222222222222222222222222222
2222222222222222222222222222222222222222222222222222222222222222222222222222222222222222222222222222
2222222222222222222222222222222222222222222222222222222222222222222222222222222222222222222222222222
2222222222222222222222222222222222222222222222222222222222222222222222222222222222222222222222222222
2222222222222222222222222222222222222222222222222222222222222222222222222222222222222222222222222222
